1.267233
0.2758509
-0.7288651
1.461265
-0.07286907
-2.214364
-0.5136094
2.744762
0.1823492
0.7014206
-2.541811
-1.396737
-1.215375
1.380727
1.485305
1.546917
-0.8638925
-2.1175
0.1372984
0.9726076
0.189262
-0.7177384
0.06754058
1.072647
-0.430171
0.5998162
-0.123665
0.5932225
-2.054046
1.355214
1.322945
-2.508001
-0.3571968
0.5644706
0.6086154
0.01799818
-0.7475004
-0.6636182
-0.03597986
1.316475
-0.04608479
-0.6504533
-1.190795
-1.080731
2.089978
3.377058
0.1272674
-2.701239
1.400671
1.061114
0.694298
-0.5553287
-1.184885
-0.1699051
-0.7592513
-1.74349
0.2501252
2.224127
0.7646773
-2.825204
-1.184054
1.080306
2.146787
-1.52249
0.7163648
-0.5961585
0.8314673
0.7731261
0.0367116
-0.3546247
0.6661686
1.172325
-2.691262
-1.651205
0.9855005
0.4770189
0.7248043
-1.132761
0.1462137
-0.1668414
-0.05006122
1.279854
0.5353287
-1.167329
-1.266665
-0.1453301
0.8035488
-1.216741
0.2470039
0.7637369
-0.3649753
0.8845137
-1.669462
0.7556469
-0.1722356
0.1740454
1.6925
-2.74794
0.4851924
1.905456
1.49038
-0.3324226
-1.531289
1.799578
-1.130262
0.1906932
-0.8965309
-1.513115
0.6849462
0.7929368
-1.491739
-1.47615
1.484232
0.2270072
-0.4228361
3.349137
-0.005206176
-0.5759131
-1.571175
0.2224785
0.2846288
-0.7184526
0.8262579
2.462273
-1.289359
-1.500045
0.3719371
1.576624
-0.4189322
-0.5713831
-0.1393577
0.6449474
-0.9130803
-0.2167725
1.331528
-0.6109814
-0.3174978
2.000086
3.469913
-3.258699
-1.372779
0.4577461
-0.9872748
-0.3921709
-0.6497684
0.32298
-0.8588243
0.07904044
1.135586
-0.964897
0.1180752
0.9025475
0.3326293
0.02264033
0.782889
0.2953395
-0.8456236
0.728343
-1.427745
-0.2321474
0.7552752
0.4977506
-0.4339056
-0.1555669
-1.391042
1.070168
0.06894811
1.990198
-0.07809506
-0.6886079
-3.182998
1.485285
1.611659
0.5645177
-1.734424
0.8219558
-0.7509716
-0.4049351
2.56304
-0.5976162
-1.383259
-0.8030911
0.2105202
-0.3516304
0.5095045
0.3952928
0.008410404
1.118563
0.1723056
0.2886467
-0.8950106
0.3783099
-0.2607222
-0.6831444
-0.5687736
-0.8195775
-1.032118
0.02854993
2.704184
0.05659989
0.02112512
0.6951709
-1.357598
-0.8098425
0.05755717
1.204996
1.025412
-1.47414
-0.8752049
1.630892
0.3171594
-0.5030858
-0.4041618
1.533997
2.154321
-2.374159
-0.6174223
0.9054988
0.339278
-0.9310286
-0.09567125
1.11869
-1.156696
-0.8835937
0.2897204
-0.8339871
-0.07753718
-1.203347
0.04710306
0.5267855
0.2414028
-0.2909174
-0.9589419
0.1632868
0.6799115
1.025624
-0.0416862
-0.05362326
0.2726118
0.8485834
0.3812106
-1.057652
-0.3093307
2.047623
-0.2349695
-0.685034
-0.5839978
0.5200736
-0.01214645
0.2966123
