0.974037
0.5927835
-0.08711553
1.849298
0.3841724
-1.369174
-0.3470431
2.157331
0.2786111
1.61118
-1.728903
-1.046621
-1.905527
0.2513752
0.5694764
1.466237
-0.2687487
-1.467206
-0.05349494
0.3013424
-0.006104634
-0.6011533
-0.01545386
0.8158508
-0.3586405
0.8628623
0.04338921
0.9068536
-1.701065
1.377393
1.051547
-1.978986
-0.1178914
-0.1216996
0.2123399
-0.006560978
-0.6794436
-0.7780551
-0.4896909
0.7743381
-0.2113172
-0.4499944
-1.250854
-1.572896
1.153548
2.761816
0.9507388
-1.149993
2.000147
1.162168
1.597927
0.60036
-0.1964069
0.2988828
-0.6802241
-1.796025
-0.3732953
1.279342
0.5919958
-2.221075
-1.205693
-0.01586666
1.27717
-1.449885
0.9384805
-0.7964354
0.8195141
0.7668526
0.4167583
0.1898177
1.006248
1.535907
-1.907667
-1.25326
0.1636464
-0.3232084
0.5210179
-1.129979
0.06973599
-0.5420344
-0.3203661
0.9946177
0.5268082
-0.688225
-1.032246
-0.5709746
0.1357535
-1.594587
-0.1313137
0.08776999
-0.6595796
0.7582947
-1.769233
0.5868937
-0.6662876
-0.009326843
1.505731
-2.536064
0.5708347
1.206967
1.578786
0.6064178
-0.5422905
2.193444
-0.7881939
0.8546269
-0.6884896
-1.429884
0.2268051
0.1296133
-1.600255
-1.729025
0.4613815
-0.6592276
-0.6508919
3.007063
0.2611429
0.6377546
-0.8372331
0.3526355
0.1121238
-0.6818708
0.7838746
2.362584
-0.5626395
-0.5017396
0.4104931
1.363002
-0.03476147
0.06010387
0.07977109
0.6817105
-0.7232719
-0.07303461
1.122488
-0.5174911
0.03085496
1.971217
3.82285
-1.603877
0.207322
0.4479937
-1.063709
-0.3991248
-1.109763
-0.2555723
-1.444531
-0.5186557
0.3759693
-1.335913
-0.09526119
0.3818899
0.158308
0.201638
0.9545967
0.6109116
-0.2806816
1.079224
-1.21463
-0.08548921
0.4015847
0.3514158
-0.2035349
0.01332448
-1.416733
0.7381939
-0.3652095
1.992209
0.3164293
0.1569882
-2.693607
1.023356
0.7257978
0.7140094
-1.110293
1.000706
-0.8864733
-0.3550978
2.27649
-0.4009206
-0.5708573
-0.7254207
-0.2501545
-0.8025692
0.1143691
0.04227802
-0.06448101
1.140984
0.3973842
0.8428517
-0.3620567
0.7188417
-0.1216931
-0.4660481
-0.6036327
-1.164813
-1.611578
-0.9049493
1.644057
-0.2310822
0.5153446
0.9752527
-0.9689091
-0.525066
-0.3042829
0.7620842
0.9764003
-0.9934326
-0.5552471
1.252449
0.1922961
-0.02566355
-0.1260184
1.527276
2.4256
-1.231614
0.3839514
0.8637177
0.4867154
-0.4014232
0.1623655
1.063849
-0.9248056
-0.6093071
-0.05735543
-1.252046
-0.4695241
-1.839446
-0.7484094
-0.4827527
-0.4747112
-0.7169788
-1.390677
-0.5137431
-0.1307782
0.5564453
-0.06020369
0.1459539
0.3688505
0.9794339
0.7703506
-0.4209103
0.08238912
2.013351
0.1643169
0.2092486
-0.1438334
0.6036532
0.09112723
0.546438
