4.774037
3.789529
1.625163
1.569164
-1.886648
-5.119291
-4.691832
-1.760564
-2.326731
0.8318423
-0.6774311
1.331788
0.9236526
2.519104
1.400269
0.3575816
-3.310017
-5.924946
-5.038721
-4.185855
-3.106105
-1.797454
0.6993201
2.939903
2.300092
3.045103
0.8741814
-0.1163146
-4.571885
-2.825991
-3.596981
-6.04922
-2.723234
-0.7486979
1.567551
2.825115
2.749736
2.232707
1.222588
0.6801872
-2.111317
-3.64674
-4.863133
-4.583658
-0.3756316
3.221036
3.395527
2.767902
6.505489
5.232402
4.346455
1.512847
-1.125587
-1.968846
-3.411016
-3.978266
-1.132027
2.446186
3.677222
2.266122
3.794307
4.471331
4.362396
-0.2830411
0.1797483
-2.978676
-1.911278
-1.500876
-0.5124213
1.102305
3.754776
5.606141
2.597675
2.664635
2.608435
0.1360117
-1.008162
-4.140741
-3.542543
-3.73878
-2.220366
0.9004668
2.239087
2.322537
2.396934
2.260702
1.490965
-2.221585
-2.736656
-3.982464
-5.308108
-3.445089
-4.640053
-0.4362745
0.1645046
2.172914
4.164463
-0.4120114
1.285609
0.0106662
-1.521214
-3.88078
-5.527517
-2.264296
-3.829462
-0.2540285
0.1423026
0.8378443
3.055985
2.508023
-0.5487831
-2.508363
-2.143961
-4.577122
-4.99568
-0.7430537
-2.009677
0.3576202
0.8750455
3.549381
3.912124
2.703177
2.871596
2.642718
-2.091819
-3.333416
-2.844718
-1.300896
-1.229419
0.8394415
2.828299
4.885094
4.047548
4.24103
4.091696
0.5911643
-0.7278772
-0.1528356
1.208076
-3.698473
-0.492678
1.644295
2.021517
4.058616
3.831505
4.14398
1.524677
0.5045125
-0.5532103
-3.714322
-3.046733
-2.129669
-1.03635
0.8286363
3.399385
4.361028
3.890139
4.650255
0.8730914
0.008661705
-1.498415
-3.033632
-4.191256
-3.557706
-3.687553
0.2789738
0.9900019
4.656107
3.411087
2.668547
-1.642135
0.1108688
-2.145023
-3.600055
-5.979501
-3.398846
-3.927741
-1.521942
2.991264
1.693675
2.029143
1.369175
0.4646195
-1.969413
-2.926899
-4.357274
-4.933689
-3.173081
-2.473436
-0.06963546
0.6894152
3.230401
2.972965
2.19785
0.7515787
-1.624033
-3.882398
-4.47598
-2.343664
-3.61613
-1.384655
1.069404
1.118812
3.045965
3.866537
4.512201
3.421189
-0.3664343
-1.749905
-1.25911
-2.759176
-2.404073
-1.055198
2.550444
5.394808
3.167938
5.325219
5.321458
3.571941
0.7948776
-0.5376345
-1.030747
-3.53958
-2.73336
-0.8160876
-0.1433906
2.499684
2.474619
4.022411
3.720631
2.273817
0.06235886
-2.585335
-3.177641
-3.38599
-2.275231
-1.589383
0.4260883
2.456572
4.364481
4.570351
2.775835
1.794668
1.733217
-2.106503
-3.540868
-4.488622
-3.314242
-2.514215
-0.2328997
