2.044949
-0.9577847
1.366216
0.6758813
1.047428
-1.660141
0.3452814
1.383447
0.46548
1.835847
-2.160117
0.1086571
-2.986672
1.469825
-0.9637661
2.752174
-1.654181
0.1392831
-1.21913
1.08682
-0.8104244
0.1734538
-0.5970074
1.214879
-0.9197171
1.596017
-0.877833
1.901956
-2.773869
2.914819
-0.9516278
-0.1178499
-1.137532
0.4678336
-0.3241605
0.4016218
-1.013312
-0.3342883
-0.8668957
1.042358
-0.7569393
0.2042805
-1.811485
-0.9132214
0.6045607
2.628216
0.6230072
-0.546102
1.911537
0.6133102
2.261758
-0.05241434
0.6697569
-0.2128849
-0.2100507
-1.918055
0.07788364
0.651322
0.8285419
-2.29112
-0.5046491
-0.7984128
1.732974
-2.177189
2.137404
-2.381453
2.584138
-1.179666
2.155705
-1.321951
2.433847
0.08832596
-0.6955074
-1.578777
0.4151845
-0.8175786
1.065256
-1.803175
1.019723
-1.645445
0.7861119
-0.06941149
1.17994
-1.224246
-0.2991139
-1.149212
0.5582754
-2.159095
0.7047897
-1.006721
0.2129523
0.05900269
-1.494841
0.8040291
-1.398005
0.8333493
0.5461361
-2.064594
0.933024
0.212489
2.25546
-0.1581816
0.3181877
1.669869
-0.8693481
1.559986
-1.609396
-0.2339265
-0.6347587
0.6011171
-2.012241
-0.9832342
-0.165806
-0.5792448
-0.558797
2.874156
-0.4634197
1.780895
-1.951179
1.682812
-1.315338
0.6614534
-0.2523191
3.004664
-1.496261
0.9637798
-0.8549969
2.366924
-1.12003
1.369494
-1.057782
1.767933
-1.780462
1.232932
-0.128451
0.4000231
-0.4228276
2.328105
3.123194
-1.349653
1.188241
-0.6489694
-0.0129175
-0.9243258
-0.6603607
-0.4349671
-1.40032
-0.2776326
-0.01267645
-1.192556
0.1076805
-0.07534819
0.4209273
-0.03914518
1.128049
0.2632404
0.07937695
0.9442001
-1.362655
0.5420967
-0.3621023
0.9422699
-0.7308295
0.6170944
-1.990323
1.576185
-1.563116
3.28267
-1.359851
2.003182
-4.298075
3.127894
-1.912762
3.129391
-3.302889
3.388056
-3.459341
2.373271
-0.2736188
1.348466
-1.607627
0.302651
-1.107734
-0.1034566
-0.3988372
0.3104584
-0.3186361
1.373139
-0.08897596
1.41462
-0.9679709
1.538299
-1.054458
0.5782605
-1.433429
-0.3454038
-2.20753
-0.2546812
0.8940091
-0.1522387
0.7542126
0.5703352
-0.7391435
-0.3421677
-0.5485405
0.9244185
0.5756085
-0.716117
-0.4032059
1.043676
-0.01346941
0.3527286
-0.4152068
1.823234
1.813851
-0.879107
0.8699358
0.1846311
1.052625
-0.7796311
0.7674815
0.4793928
-0.5273612
-0.4904916
-0.1427158
-1.23619
-0.1945641
-2.217023
-0.1124395
-1.291174
0.1492024
-1.34968
-0.8365959
-0.9434507
-0.006097195
0.2519948
-0.0466859
0.1530125
0.2343294
0.9740537
0.5733607
-0.2589277
0.160825
1.835302
-0.103093
0.8199138
-0.6685341
1.192403
-0.5603444
1.274383
