1.582576
-0.1697577
-0.3739821
1.762303
-0.452115
-2.029753
0.6684151
2.354006
-0.7893075
1.00445
-2.241937
-0.7258351
-0.5524087
0.7815972
1.185406
0.5091944
-0.5994924
-1.965314
1.284525
0.1416513
0.001310866
-0.7908919
0.4565164
0.8095863
-0.7681646
0.8793376
-0.1964518
0.5459863
-1.903619
1.865792
0.9894759
-3.328876
1.366132
-0.0503238
0.2901882
-0.1053596
-0.7266678
-0.3819528
0.0113489
1.100519
-0.5778329
-0.5196562
-0.8287176
-0.9896073
2.268687
2.222753
-0.7585735
-1.955067
2.668846
0.2867541
0.4713479
-0.02731136
-0.9846183
0.6751246
-1.022389
-1.34704
0.6142093
1.777237
-0.2500931
-2.631592
-0.08114746
1.066033
1.145793
-1.996447
1.348756
-0.7219424
0.5907183
1.022108
-0.699413
0.4129153
0.4662127
1.3378
-3.167765
-0.1802554
1.118231
-0.414043
0.6621099
-1.316215
0.4870071
-0.2198724
-0.3459173
1.518221
-0.2211211
-0.9655262
-0.7736031
0.1804056
0.456521
-1.574204
0.5969903
0.5474878
-1.000774
1.326638
-2.220649
1.406913
-0.5469636
-0.1245771
2.018184
-3.733473
1.93791
1.361491
0.4705363
-0.05410572
-1.294846
2.716551
-2.021513
0.9158739
-0.6944379
-1.59686
1.534129
-0.1738029
-1.559472
-1.010695
1.763602
-0.8949712
-0.4008403
3.549206
-1.343534
-0.04658386
-0.7696166
0.3371433
0.4605415
-1.244512
1.530296
1.765663
-1.787711
-0.6694109
1.157725
0.8478943
-0.5756399
-0.3233611
0.3845105
0.3530789
-0.8577415
-0.009328672
1.556656
-1.411921
0.3374402
2.024617
2.734899
-3.921794
0.5718628
1.035667
-1.907097
0.567826
-1.035618
0.5081631
-1.249843
0.2313114
0.9263065
-1.661127
0.6329881
0.6625274
-0.2113355
0.1856538
0.764701
0.1452202
-0.8083387
1.279092
-1.765696
0.3288734
0.8593324
-0.179758
-0.1996911
-0.1018671
-1.203013
1.291383
-0.3243113
1.690901
-0.2460171
-0.7815186
-2.201851
1.923459
1.125604
-0.6257274
-0.8329883
0.9079827
-0.6424257
-0.7146885
3.305619
-2.20842
-0.2916527
-0.4089519
0.2214914
-0.6094777
0.5284658
0.1408397
-0.238195
1.290747
-0.2787551
0.4832361
-0.751833
0.7041597
-0.2589764
-0.7358773
-0.06457805
-1.003999
-0.7634905
-0.04017647
2.404695
-1.148647
0.3685949
0.9708793
-1.791968
0.0490183
0.09872593
0.915385
0.6430653
-1.700318
-0.06438411
1.754598
-0.5264864
-0.3127743
0.003533838
1.502484
1.729877
-2.869344
0.8634576
1.034469
-0.3404834
-0.5117172
0.1597831
1.230419
-1.715261
-0.1398211
0.4478852
-1.258748
0.2225959
-1.386563
0.1278437
0.3283492
-0.4247695
-0.2117745
-1.137795
0.4465722
0.2111294
0.6626065
-0.3555249
0.07442714
0.3889327
0.6806728
0.2773417
-1.024474
0.3185676
2.037807
-0.9537605
-0.2076503
-0.01266203
0.4411519
-0.000344668
0.1997938
