2.575908
0.06735954
2.025129
1.904533
2.044778
0.1925429
1.329675
2.315216
1.368945
3.509657
-0.6063684
1.831298
-2.402749
1.75304
-1.400778
2.903729
-1.417387
0.9138521
-1.215752
1.050701
-1.003021
0.2604216
-0.8379312
1.029397
-1.045744
1.706967
-0.814121
2.306567
-2.368644
3.268778
-0.8907412
0.7014119
-0.8482992
0.4534581
-0.4832655
0.3652747
-1.075721
-0.4785299
-1.371782
0.3819436
-1.336179
-0.1368006
-2.346521
-1.685073
-0.7705989
1.380057
0.3188477
-0.01834664
2.261602
1.147124
3.452441
1.541001
2.634595
1.562504
1.480143
-0.5147717
0.8404223
0.8572292
1.281142
-1.518147
-0.1551565
-1.260747
1.149942
-2.483698
1.881433
-2.833068
2.362289
-1.556263
2.353835
-1.086318
2.936393
0.6451264
0.5001751
-0.7242563
0.57379
-0.9170986
0.9915257
-1.882
0.8827871
-2.085274
0.4035193
-0.7153072
0.857694
-1.274777
-0.3289369
-1.616292
-0.1339748
-2.919946
-0.241173
-2.306586
-0.8573415
-1.133106
-2.472253
-0.342253
-2.693535
-0.2899743
-0.7029677
-2.773843
-0.005598853
-1.067584
1.574195
-0.2690012
0.7485494
1.972863
-0.1743834
2.472375
-0.831484
0.5974631
-0.4550118
0.6195331
-1.973365
-1.221008
-1.156778
-1.660454
-1.599449
1.645491
-1.050406
1.987057
-1.698566
1.982022
-1.2807
0.9433874
-0.2662995
3.136162
-0.7810051
2.069913
-0.2299311
3.060331
-0.2233049
2.569575
-0.103339
2.788762
-0.8080099
2.21375
0.4599199
1.297784
0.4079893
3.0354
4.157401
0.885151
3.616391
1.173817
1.901732
0.5634055
0.4496569
0.2064202
-1.075812
-0.3493911
-0.5061968
-1.622414
-0.5103426
-0.9484893
-0.2601729
-0.5761233
0.7412549
0.1384905
0.3271474
1.192786
-0.9463691
0.8925955
-0.374438
1.083344
-0.510574
0.9016667
-1.835404
1.477561
-1.870241
3.203809
-1.217168
2.784111
-3.691685
3.306327
-2.301384
3.425198
-2.997428
3.809368
-3.344364
2.768584
-0.4658884
1.869318
-0.9528858
0.8074204
-1.031521
-0.1404845
-0.731478
-0.07291928
-0.664293
1.08119
-0.147336
1.729428
-0.4828723
2.136972
-0.5176483
1.286269
-1.028104
-0.1100722
-2.454624
-0.9952085
-0.3687343
-1.047153
0.2129825
0.1165871
-0.7942635
-0.4294646
-0.955579
0.4099232
0.1928256
-0.6572955
-0.3971301
0.7134667
-0.1333506
0.5593791
-0.2353659
1.985967
2.2326
0.3968788
2.214683
1.189158
2.302756
0.5736866
2.050625
1.534272
0.7567071
0.648796
0.5631444
-0.7200333
-0.007745711
-2.429873
-0.7547609
-2.475249
-1.093615
-2.746683
-2.287441
-2.766023
-2.00648
-1.711694
-1.705517
-1.257635
-1.029674
-0.05182666
-0.0739819
-0.4634082
0.02172396
1.633356
0.1821306
1.548601
0.005513651
1.873506
0.09564842
2.082713
