1.149212
1.444515
2.17146
1.516745
0.8964709
0.6169635
0.02224303
0.7689584
2.113948
2.203344
2.859901
2.114294
2.537606
2.128087
1.971815
0.793055
-0.6127349
0.9351417
3.190249
3.916007
4.065614
2.713882
2.128026
1.148171
-0.174661
-2.195451
-3.350893
-4.877495
-3.355216
-4.602636
-3.745774
-4.445406
-4.536392
-4.164618
-1.958235
-0.7628326
-0.5218569
-1.935527
-1.557605
-1.862657
-2.588702
-1.285829
-0.1889418
-0.6786475
-0.9747219
0.3936256
0.4989366
1.048793
2.443866
2.244059
4.020059
3.365096
3.787452
2.724658
1.414363
2.02936
2.747438
2.152523
1.589665
1.58309
0.6078935
0.3215359
0.6115519
2.585956
1.729479
2.025664
1.109414
2.466019
1.728552
3.324563
3.10816
3.840454
3.756677
4.640244
4.397729
4.703902
3.424512
2.56547
2.788831
1.024532
2.264601
1.839673
1.260815
0.3322177
-0.35067
0.1293676
0.1773311
-0.1623588
-1.166511
-0.4134595
-1.494979
-1.579234
-1.157415
-0.0103892
1.103645
0.890873
1.921997
3.119389
2.297662
1.49576
1.117942
0.6842502
0.615229
0.669904
-0.287263
-0.4164761
-0.8245875
-0.2319661
-0.6538225
-1.449341
-0.849767
-1.867062
-2.250306
-0.2577235
0.6265282
0.3914546
0.0007396718
-0.3511989
0.00614492
-0.7549348
-1.736992
-1.310582
-1.885354
-2.0137
-2.146512
-1.79368
-2.037134
-1.975164
-3.038259
-1.452662
1.950004
0.2967659
1.007641
1.37168
-0.07570049
0.1211054
-0.8496893
-3.25785
-2.445931
-1.264364
-0.1682609
-0.753534
-0.7193055
-1.084751
-2.095996
-4.141254
-2.818463
-3.214452
-3.418062
-1.724012
-3.307239
-2.783259
-3.226565
-4.279786
-3.561951
-4.313146
-2.861626
-3.362043
-4.637653
-4.641804
-5.926469
-6.136419
-5.711306
-6.14624
-5.740596
-6.244046
-7.523598
-7.503393
-7.958744
-8.721602
-9.356289
-10.07435
-9.170027
-9.179182
-8.338111
-8.525003
-8.504883
-9.739544
-8.993863
-9.373517
-8.979544
-10.06017
-10.36127
-10.12707
-10.40187
-11.29862
-10.49486
-9.67336
-9.295909
-9.475917
-9.866029
-8.641133
-7.885787
-10.03592
-10.03462
-9.824287
-10.49141
-10.38409
-10.6568
-10.23174
-11.71139
-12.40327
-11.77834
-10.73164
-11.70172
-10.44867
-12.02141
-11.19859
-8.675157
-8.295914
-8.355737
-9.204222
-7.769554
-7.840042
-9.091202
-7.47197
-7.517911
-5.7869
-6.541884
-6.492003
-5.458943
-5.199156
-5.691282
-5.3695
-5.872715
-9.258585
-9.218001
-9.910956
-10.86546
-10.01271
-10.13335
-9.866019
-10.83986
-10.95961
-11.61305
-12.42951
-12.92581
-11.35508
-12.31461
-11.17847
-12.50546
-11.13439
-11.18706
-11.61743
-10.97582
-11.17129
-11.95635
-13.77204
-13.64356
-13.30253
